#consolefont.ttf 18 Plain 0 0 0 0
maxw 11
maxh 25
32 0 0 5
33 11 0 4
34 22 0 6
35 33 0 9
36 44 0 7
37 55 0 10
38 66 0 10
39 77 0 3
40 88 0 7
41 99 0 7
42 110 0 9
43 121 0 9
44 132 0 4
45 143 0 9
46 154 0 4
47 165 0 9
48 176 0 9
49 187 0 9
50 198 0 9
51 209 0 9
52 220 0 9
53 231 0 9
54 242 0 9
55 0 25 9
56 11 25 9
57 22 25 9
58 33 25 4
59 44 25 4
60 55 25 9
61 66 25 9
62 77 25 9
63 88 25 9
64 99 25 10
65 110 25 9
66 121 25 9
67 132 25 8
68 143 25 9
69 154 25 9
70 165 25 9
71 176 25 9
72 187 25 9
73 198 25 9
74 209 25 9
75 220 25 9
76 231 25 9
77 242 25 9
78 0 50 9
79 11 50 11
80 22 50 10
81 33 50 11
82 44 50 9
83 55 50 10
84 66 50 9
85 77 50 9
86 88 50 9
87 99 50 11
88 110 50 9
89 121 50 9
90 132 50 9
91 143 50 6
92 154 50 9
93 165 50 6
94 176 50 9
95 187 50 10
96 198 50 9
97 209 50 9
98 220 50 9
99 231 50 8
100 242 50 9
101 0 75 8
102 11 75 10
103 22 75 9
104 33 75 9
105 44 75 6
106 55 75 8
107 66 75 7
108 77 75 6
109 88 75 10
110 99 75 9
111 110 75 10
112 121 75 9
113 132 75 9
114 143 75 9
115 154 75 9
116 165 75 8
117 176 75 9
118 187 75 9
119 198 75 9
120 209 75 9
121 220 75 9
122 231 75 9
123 242 75 8
124 0 100 3
125 11 100 8
